1.3
1.30182
1.30364
1.30545
1.30727
1.30909
1.3109
1.31272
1.31453
1.31635
1.31816
1.31997
1.32178
1.32359
1.3254
1.3272
1.329
1.3308
1.3326
1.3344
1.3362
1.33799
1.33978
1.34156
1.34335
1.34513
1.34691
1.34868
1.35045
1.35222
1.35398
1.35574
1.3575
1.35925
1.361
1.36275
1.36449
1.36622
1.36795
1.36968
1.3714
1.37312
1.37483
1.37654
1.37824
1.37993
1.38162
1.38331
1.38499
1.38666
1.38832
1.38998
1.39164
1.39329
1.39493
1.39656
1.39819
1.39981
1.40142
1.40303
1.40463
1.40622
1.4078
1.40938
1.41095
1.41251
1.41406
1.41561
1.41714
1.41867
1.42019
1.4217
1.4232
1.4247
1.42618
1.42766
1.42912
1.43058
1.43203
1.43346
1.43489
1.43631
1.43771
1.43911
1.4405
1.44188
1.44324
1.4446
1.44594
1.44728
1.4486
1.44991
1.45121
1.4525
1.45378
1.45504
1.4563
1.45754
1.45877
1.45999
1.46119
1.46239
1.46357
1.46474
1.46589
1.46704
1.46817
1.46928
1.47039
1.47148
1.47255
1.47362
1.47467
1.4757
1.47672
1.47773
1.47872
1.4797
1.48067
1.48162
1.48255
1.48347
1.48438
1.48527
1.48614
1.487
1.48785
1.48868
1.48949
1.49029
1.49107
1.49183
1.49258
1.49332
1.49403
1.49473
1.49541
1.49608
1.49673
1.49736
1.49798
1.49857
1.49916
1.49972
1.50026
1.50079
1.5013
1.50179
1.50226
1.50272
1.50315
1.50357
1.50397
1.50435
1.50471
1.50506
1.50538
1.50568
1.50597
1.50623
1.50648
1.5067
1.50691
1.50709
1.50726
1.50741
1.50753
1.50763
1.50772
1.50778
1.50782
1.50784
1.50784
1.50782
1.50778
1.50771
1.50763
1.50752
1.50739
1.50724
1.50707
1.50687
1.50665
1.50641
1.50615
1.50586
1.50555
1.50522
1.50486
1.50449
1.50408
1.50366
1.50321
1.50274
1.50224
1.50172
1.50117
1.50061
1.50001
1.49939
1.49875
1.49809
1.4974
1.49668
1.49595
1.49519
1.4944
1.4936
1.49277
1.49192
1.49105
1.49016
1.48924
1.4883
1.48735
1.48637
1.48537
1.48435
1.48331
1.48225
1.48118
1.48008
1.47896
1.47783
1.47667
1.4755
1.47431
1.4731
1.47187
1.47063
1.46936
1.46809
1.46679
1.46548
1.46415
1.4628
1.46144
1.46007
1.45867
1.45727
1.45585
1.45441
1.45296
1.45149
1.45001
1.44852
1.44701
1.44549
1.44396
1.44241
1.44085
1.43928
1.4377
1.4361
1.43449
1.43287
1.43124
1.4296
1.42795
1.42629
1.42461
1.42293
1.42124
1.41954
1.41782
1.4161
1.41437
1.41263
1.41089
1.40913
1.40737
1.40559
1.40381
1.40203
1.40023
1.39843
1.39663
1.39481
1.39299
1.39117
1.38934
1.3875
1.38566
1.38381
1.38196
1.3801
1.37824
1.37638
1.37451
1.37264
1.37076
1.36888
1.367
1.36512
1.36323
1.36134
1.35945
1.35756
1.35566
1.35377
1.35187
1.34997
1.34807
1.34617
1.34428
1.34238
1.34048
1.33858
1.33668
1.33479
1.33289
1.331
1.32911
1.32722
1.32533
1.32345
1.32156
1.31968
1.31781
1.31593
1.31406
1.3122
1.31034
1.30848
1.30663
1.30478
1.30293
1.3011
1.29926
1.29744
1.29562
1.2938
1.29199
1.29019
1.28839
1.28661
1.28482
1.28305
1.28129
1.27953
1.27778
1.27604
1.2743
1.27258
1.27087
1.26916
1.26747
1.26578
1.2641
1.26244
1.26078
1.25914
1.25751
1.25588
1.25427
1.25267
1.25109
1.24951
1.24795
1.2464
1.24486
1.24334
1.24183
1.24033
1.23885
1.23738
1.23592
1.23448
1.23306
1.23165
1.23025
1.22887
1.22751
1.22616
1.22482
1.22351
1.22221
1.22092
1.21966
1.21841
1.21718
1.21596
1.21477
1.21359
1.21243
1.21129
1.21017
1.20906
1.20798
1.20692
1.20587
1.20485
1.20384
1.20286
1.2019
1.20096
1.20004
1.19914
1.19826
1.1974
1.19657
1.19575
1.19496
1.19419
1.19343
1.1927
1.19199
1.1913
1.19063
1.18998
1.18935
1.18874
1.18815
1.18758
1.18702
1.18649
1.18598
1.18549
1.18501
1.18456
1.18412
1.1837
1.18331
1.18293
1.18256
1.18222
1.1819
1.18159
1.1813
1.18103
1.18078
1.18054
1.18032
1.18012
1.17994
1.17978
1.17963
1.1795
1.17938
1.17929
1.17921
1.17914
1.1791
1.17907
1.17905
1.17905
1.17907
1.17911
1.17916
1.17922
1.1793
1.1794
1.17951
1.17964
1.17979
1.17994
1.18012
1.18031
1.18051
1.18073
1.18096
1.18121
1.18147
1.18174
1.18203
1.18234
1.18266
1.18299
1.18333
1.18369
1.18407
1.18445
1.18485
1.18526
1.18569
1.18613
1.18658
1.18705
1.18752
1.18801
1.18851
1.18903
1.18956
1.19009
1.19065
1.19121
1.19178
1.19237
1.19297
1.19358
1.1942
1.19483
1.19547
1.19613
1.19679
1.19747
1.19815
1.19885
1.19956
1.20028
1.201
1.20174
1.20249
1.20325
1.20402
1.2048
1.20558
1.20638
1.20719
1.208
1.20883
1.20966
1.21051
1.21136
1.21222
1.21309
1.21397
1.21485
1.21575
1.21665
1.21756
1.21848
1.21941
1.22035
1.22129
1.22224
1.2232
1.22416
1.22513
1.22611
1.2271
1.22809
1.22909
1.2301
1.23111
1.23213
1.23316
1.23419
1.23523
1.23628
1.23733
1.23839
1.23945
1.24052
1.24159
1.24267
1.24375
1.24484
1.24594
1.24704
1.24814
1.24925
1.25037
1.25148
1.25261
1.25373
1.25487
1.256
1.25714
1.25828
1.25943
1.26058
1.26174
1.2629
1.26406
1.26522
1.26639
1.26756
1.26874
1.26991
1.27109
1.27227
1.27346
1.27464
1.27583
1.27702
1.27822
1.27941
1.28061
1.28181
1.28301
1.28421
1.28542
1.28662
1.28783
1.28903
1.29024
1.29145
1.29266
1.29387
1.29508
1.29629
1.2975
1.29872
1.29993
